%YAML:1.0
points3D_12: !!opencv-matrix
   rows: 1202
   cols: 3
   dt: f
   data: [ 1.15212011e+00, -1.38087807e+01, 3.33469849e+01,
       9.10813272e-01, -1.36888571e+01, 3.35612679e+01, -2.16056418e+00,
       -1.39567804e+01, 3.43871880e+01, -2.16056418e+00, -1.39567804e+01,
       3.43871880e+01, -2.02293587e+00, -1.40378628e+01, 3.45317612e+01,
       -2.02293587e+00, -1.40378628e+01, 3.45317612e+01, -2.26588202e+00,
       -1.03385868e+01, 2.54882946e+01, 1.96327388e+00, -1.37629299e+01,
       3.39213562e+01, -3.68189788e+00, -1.40864754e+01, 3.48045197e+01,
       -3.33200884e+00, -1.41325827e+01, 3.48922653e+01, -1.92056143e+00,
       -1.34162788e+01, 3.36548195e+01, -8.14313948e-01, -1.32293148e+01,
       3.33814926e+01, -8.14313948e-01, -1.32293148e+01, 3.33814926e+01,
       -1.28057444e+00, -1.31452198e+01, 3.32444229e+01, -1.28057444e+00,
       -1.31452198e+01, 3.32444229e+01, -3.93257439e-01, -1.31368256e+01,
       3.31995316e+01, -1.66069210e-01, -1.31825504e+01, 3.32862320e+01,
       -5.88040829e-01, -1.30510178e+01, 3.31246758e+01, 2.21399045e+00,
       9.21433353e+00, -2.33807869e+01, -2.97693300e+00, -1.32598343e+01,
       3.37187004e+01, -1.73743784e+00, -1.28948631e+01, 3.28888702e+01,
       -3.56901765e+00, -1.32177725e+01, 3.37851181e+01, -1.55672908e+00,
       -1.38915091e+01, 3.63191338e+01, -5.21885204e+00, -1.23771114e+01,
       3.36385880e+01, -5.21885204e+00, -1.23771114e+01, 3.36385880e+01,
       -2.08694410e+00, -1.20512304e+01, 3.33655586e+01, -2.08694410e+00,
       -1.20512304e+01, 3.33655586e+01, -7.86107016e+00, -1.32975359e+01,
       3.69768372e+01, -7.86107016e+00, -1.32975359e+01, 3.69768372e+01,
       -2.93023288e-01, -1.19313440e+01, 3.33677750e+01, -8.67788255e-01,
       -1.19281597e+01, 3.34134521e+01, 2.39915133e-01, -1.18091984e+01,
       3.33364182e+01, -8.98360157e+00, -1.23430567e+01, 3.58664513e+01,
       -8.06775761e+00, -1.27188120e+01, 3.71833725e+01, -4.83174920e-01,
       -1.11812210e+01, 3.40792618e+01, -2.44841051e+00, -1.12317114e+01,
       3.43308830e+01, -1.07086630e+01, -1.16933146e+01, 3.62590179e+01,
       -7.09808588e+00, -1.18771582e+01, 3.65932465e+01, -4.86195594e-01,
       -1.10695534e+01, 3.42605629e+01, 1.29782522e+00, -1.09240952e+01,
       3.40644455e+01, -1.45817912e+00, -1.10037680e+01, 3.46408958e+01,
       3.82994525e-02, -1.06264935e+01, 3.45959892e+01, -9.83115292e+00,
       -1.11410599e+01, 3.64738541e+01, -2.27337646e+00, -1.05902014e+01,
       3.48645973e+01, 1.23350801e+01, -1.02102118e+01, 3.36962814e+01,
       -3.09819865e+00, -1.04766197e+01, 3.52558441e+01, -3.09819865e+00,
       -1.04766197e+01, 3.52558441e+01, -1.62819564e+00, -1.03847761e+01,
       3.50027237e+01, -1.62819564e+00, -1.03847761e+01, 3.50027237e+01,
       -7.87205553e+00, -1.05885229e+01, 3.69363480e+01, -8.20707381e-01,
       -1.01261129e+01, 3.52955780e+01, -7.23536730e+00, -1.05992985e+01,
       3.71619263e+01, -3.35288167e+00, -1.00303555e+01, 3.54676094e+01,
       -8.19360793e-01, -9.99077415e+00, 3.53247452e+01, -8.24511528e+00,
       -1.01668310e+01, 3.71060143e+01, 7.43676138e+00, -9.61938667e+00,
       3.53539581e+01, -3.34243345e+00, -9.74969387e+00, 3.59413948e+01,
       1.64300382e+00, -9.55357647e+00, 3.52726059e+01, -7.28963092e-02,
       -9.58070850e+00, 3.56272125e+01, 1.12698441e+01, -1.29591284e+01,
       4.88557243e+01, 8.17686844e+00, -9.09070778e+00, 3.42864990e+01,
       1.00053587e+01, -9.00518799e+00, 3.46119080e+01, 1.00053587e+01,
       -9.00518799e+00, 3.46119080e+01, 1.01732826e+00, -9.23384571e+00,
       3.57673454e+01, -7.96229553e+00, -9.68787384e+00, 3.80623550e+01,
       -4.49115664e-01, -9.21490097e+00, 3.63597527e+01, -7.36333084e+00,
       -9.58693027e+00, 3.80673103e+01, -8.30072308e+00, -9.58524227e+00,
       3.83302956e+01, -9.23473454e+00, -9.38777542e+00, 3.76613731e+01,
       2.17494106e+00, -8.83088970e+00, 3.56730194e+01, -7.82418346e+00,
       -9.32704163e+00, 3.81298599e+01, 1.84537840e+00, -8.43099785e+00,
       3.59028244e+01, 7.88987875e+00, -8.32592010e+00, 3.54140930e+01,
       7.52726030e+00, -8.32638073e+00, 3.71229668e+01, 1.23083181e+01,
       -7.40931463e+00, 3.30317421e+01, 1.23083181e+01, -7.40931463e+00,
       3.30317421e+01, -6.72628307e+00, -6.80463791e+00, 3.10544910e+01,
       -8.42277527e+00, -8.53099632e+00, 3.88835793e+01, 1.12467253e+00,
       -8.01641750e+00, 3.66765938e+01, -4.49980640e+00, -8.00473499e+00,
       3.68162537e+01, 9.17775345e+00, -7.85773993e+00, 3.60900726e+01,
       1.24417877e+01, -7.35919380e+00, 3.37559280e+01, -4.78893375e+00,
       -8.13927174e+00, 3.75448990e+01, 1.06114016e+01, -7.47429609e+00,
       3.44421730e+01, -5.02669334e+00, -8.07417011e+00, 3.73464813e+01,
       -3.87535810e+00, -7.99138117e+00, 3.74182358e+01, -3.87535810e+00,
       -7.99138117e+00, 3.74182358e+01, 1.60881901e+01, -9.32943439e+00,
       4.41702271e+01, -9.65791988e+00, -8.10317039e+00, 3.84551086e+01,
       -9.05649757e+00, -8.27309895e+00, 3.92624931e+01, 1.20538199e+00,
       -7.82586527e+00, 3.70765915e+01, 9.69848728e+00, -7.40150261e+00,
       3.51906357e+01, 9.69848728e+00, -7.40150261e+00, 3.51906357e+01,
       1.18092978e+00, -7.53913784e+00, 3.72101974e+01, 1.19381800e+01,
       -6.99405813e+00, 3.47729187e+01, 1.10044336e+01, -7.08968687e+00,
       3.53624229e+01, -1.98652673e+00, -7.52856541e+00, 3.77394333e+01,
       -1.98652673e+00, -7.52856541e+00, 3.77394333e+01, 1.09302235e+01,
       -6.84349823e+00, 3.48298416e+01, -5.64724874e+00, -7.51969147e+00,
       3.85995026e+01, 1.09121561e+01, -6.86892843e+00, 3.54473495e+01,
       -9.25873375e+00, -7.61611891e+00, 3.98274994e+01, -6.57972813e-01,
       -7.24176645e+00, 3.79444809e+01, 1.07596960e+01, -6.78844452e+00,
       3.55647774e+01, -7.85602665e+00, -7.68464041e+00, 4.04725037e+01,
       -3.50540113e+00, -7.18076563e+00, 3.78616066e+01, -3.50540113e+00,
       -7.18076563e+00, 3.78616066e+01, -1.00325384e+01, -7.29559755e+00,
       3.89893150e+01, -7.20952129e+00, -7.58667135e+00, 4.07453499e+01,
       1.10666084e+01, -6.66658401e+00, 3.58528328e+01, -7.74757910e+00,
       -7.45091057e+00, 4.05449333e+01, -7.74757910e+00, -7.45091057e+00,
       4.05449333e+01, -9.74420643e+00, -7.25410986e+00, 3.96272888e+01,
       -9.74420643e+00, -7.25410986e+00, 3.96272888e+01, -8.54314446e-01,
       -6.94160557e+00, 3.79860916e+01, 1.55462861e+00, -6.91212797e+00,
       3.77185707e+01, -4.25251350e+01, 2.97138729e+01, -1.61569824e+02,
       1.66828498e-01, -6.89447689e+00, 3.77509308e+01, -9.99414349e+00,
       -7.03838873e+00, 3.88891869e+01, 6.05586350e-01, -6.74996042e+00,
       3.76129990e+01, -7.18202209e+00, -7.28964376e+00, 4.08227844e+01,
       -3.51607966e+00, -6.76933002e+00, 3.81288033e+01, -1.08079491e+01,
       -7.03206110e+00, 3.97897339e+01, -7.18028498e+00, -7.62434721e+00,
       4.38561134e+01, -2.38343850e-01, -6.62631083e+00, 3.80481567e+01,
       8.29357147e+00, -6.47439337e+00, 3.72949562e+01, -6.80450773e+00,
       -7.58450413e+00, 4.40811729e+01, 9.65831089e+00, -6.37497330e+00,
       3.68931808e+01, 1.02972479e+01, -6.34646177e+00, 3.66972198e+01,
       -1.45080340e+00, -6.55108690e+00, 3.83391571e+01, 9.99336052e+00,
       -6.28805828e+00, 3.66670647e+01, -7.42047930e+00, -7.02153301e+00,
       4.14872208e+01, 9.76555824e+00, -6.18823481e+00, 3.66496353e+01,
       -6.85167074e+00, -7.39639568e+00, 4.41602364e+01, -1.15648139e+00,
       -6.47577000e+00, 3.88410225e+01, -1.15648139e+00, -6.47577000e+00,
       3.88410225e+01, 9.51789379e+00, -6.16365480e+00, 3.71967392e+01,
       -7.77984762e+00, -6.78418589e+00, 4.11463852e+01, -9.71312332e+00,
       -6.50903463e+00, 3.98992577e+01, -4.25529671e+00, -6.26776838e+00,
       3.84767036e+01, 1.15406618e+01, -5.92424774e+00, 3.63368950e+01,
       -1.05536556e+01, -6.36079693e+00, 3.98723640e+01, -3.94210792e+00,
       -6.20278358e+00, 3.90418320e+01, 9.64132118e+00, -5.92998886e+00,
       3.75378761e+01, 9.64132118e+00, -5.92998886e+00, 3.75378761e+01,
       1.09596598e+00, -6.06240034e+00, 3.89288902e+01, 1.13794832e+01,
       -5.62535143e+00, 3.64270134e+01, 1.13794832e+01, -5.62535143e+00,
       3.64270134e+01, 1.13794832e+01, -5.62535143e+00, 3.64270134e+01,
       1.17472973e+01, -5.42428827e+00, 3.62118073e+01, 2.70651609e-01,
       -5.72596788e+00, 3.91045189e+01, -5.38096428e+00, -5.76853418e+00,
       3.95044136e+01, 6.05463934e+00, -6.76692486e+00, 4.66427765e+01,
       7.60174990e+00, -5.45012665e+00, 3.84183159e+01, -8.80884469e-01,
       -5.44739151e+00, 3.85911751e+01, 3.17775416e+00, -5.51803875e+00,
       3.97906380e+01, 9.84625280e-01, -5.38566542e+00, 3.92009468e+01,
       1.05114384e+01, -5.07461596e+00, 3.73596497e+01, 6.12923920e-01,
       -5.33117533e+00, 3.94321022e+01, 2.84075707e-01, -5.33879280e+00,
       3.98192291e+01, -3.42053366e+00, -5.32817650e+00, 4.00901604e+01,
       -9.07333612e-01, -5.17587662e+00, 3.91416626e+01, 8.61023903e+00,
       -5.22522259e+00, 3.94632149e+01, 4.60991383e-01, -4.99426937e+00,
       3.89131737e+01, -9.97935486e+00, -5.03547812e+00, 4.05776291e+01,
       4.64237595e+00, -5.13202238e+00, 4.11922455e+01, 5.22164345e+00,
       -5.00066710e+00, 4.07868195e+01, -8.87912810e-01, -4.68181086e+00,
       3.86854706e+01, -9.72101402e+00, -4.74876499e+00, 4.00922089e+01,
       -3.74608707e+00, -4.69173241e+00, 3.93669128e+01, 6.22257328e+00,
       -4.82631254e+00, 4.04910431e+01, 3.96370554e+00, -4.78908443e+00,
       4.11791229e+01, 8.49480438e+00, -4.64230585e+00, 3.98946762e+01,
       8.53329468e+00, -4.51339769e+00, 3.88957901e+01, -9.57456970e+00,
       -4.45126724e+00, 4.10726280e+01, -8.54194546e+00, -3.98864579e+00,
       3.70865479e+01, -4.86243343e+00, -3.16289878e+00, 3.14896946e+01,
       -9.20490074e+00, -3.57702732e+00, 3.83190536e+01, -7.51060343e+00,
       -3.56567836e+00, 3.82260818e+01, -4.54004669e+00, -2.97379017e+00,
       3.69160805e+01, 2.30997086e+00, -3.34798265e+00, 3.82861481e+01,
       1.31310282e+01, -3.31775045e+00, 3.84776344e+01, 1.31310282e+01,
       -3.31775045e+00, 3.84776344e+01, 1.34128208e+01, -3.27309656e+00,
       3.84745102e+01, 2.59662724e+00, -2.81274343e+00, 3.90758095e+01,
       2.84599471e+00, -2.90137315e+00, 4.04500008e+01, 2.84599471e+00,
       -2.90137315e+00, 4.04500008e+01, 2.02384067e+00, -2.73936272e+00,
       3.88464394e+01, -4.96993184e-01, -2.64986992e+00, 3.80688820e+01,
       3.36866111e-01, -2.52596354e+00, 3.85391388e+01, -1.71995187e+00,
       -2.23651838e+00, 3.79750252e+01, -4.29133415e+00, -2.18197727e+00,
       3.80022163e+01, -2.55566907e+00, -2.18747902e+00, 3.77585526e+01,
       -2.81608248e+00, -2.11572719e+00, 3.75522728e+01, -4.54826951e-01,
       -2.16229701e+00, 3.84070892e+01, -7.50006318e-01, -2.10521460e+00,
       3.80836029e+01, -7.50006318e-01, -2.10521460e+00, 3.80836029e+01,
       -1.58890200e+00, -1.99400330e+00, 3.81215744e+01, -3.96878481e+00,
       -1.77458215e+00, 3.76118202e+01, -5.69565892e-01, -1.77285504e+00,
       3.84603920e+01, -4.60290623e+00, -1.72914577e+00, 3.74994087e+01,
       -3.95326114e+00, -1.52554429e+00, 3.78977051e+01, -3.78686714e+00,
       -1.47177339e+00, 3.76295738e+01, -1.31183329e+01, -1.31746185e+00,
       3.57741508e+01, -6.09957314e+00, -1.39511454e+00, 3.74197464e+01,
       -4.39604378e+00, -1.37027657e+00, 3.77401466e+01, -2.41059279e+00,
       -1.35404694e+00, 3.79750786e+01, -1.06689653e+01, -1.19365954e+00,
       3.47718620e+01, -1.23031683e+01, -1.09834766e+00, 3.50603714e+01,
       -1.23031683e+01, -1.09834766e+00, 3.50603714e+01, -1.15782738e+01,
       -1.07515597e+00, 3.49577026e+01, -3.55840302e+00, -1.05764151e+00,
       3.79051857e+01, -5.97729301e+00, -1.00231481e+00, 3.76975136e+01,
       -4.34013176e+00, -9.28624690e-01, 3.80916862e+01, -1.18392096e+01,
       -7.48961866e-01, 3.44309120e+01, -1.18392096e+01, -7.48961866e-01,
       3.44309120e+01, -8.14818287e+00, -6.43295884e-01, 3.72724419e+01,
       -1.10300646e+01, -5.58243632e-01, 3.39590530e+01, -1.10300646e+01,
       -5.58243632e-01, 3.39590530e+01, -6.85369015e+00, -3.46955627e-01,
       3.76544609e+01, -8.55904484e+00, 5.90348482e-01, 3.24941902e+01,
       -8.46145821e+00, 9.53829348e-01, 3.13669987e+01, -7.08986044e+00,
       1.77981496e+00, 3.01688690e+01, -7.68962574e+00, 2.03461194e+00,
       3.05518646e+01, -7.68962574e+00, 2.03461194e+00, 3.05518646e+01,
       -6.85865021e+00, 1.99110651e+00, 2.96846409e+01, -6.82689905e+00,
       3.01298285e+00, 2.82173214e+01, -7.06631899e+00, 4.17942381e+00,
       2.64626541e+01, -4.63118219e+00, 4.38214254e+00, 2.62993565e+01,
       -5.17081118e+00, 4.35050774e+00, 2.59984970e+01, -4.81107283e+00,
       4.54865789e+00, 2.59489861e+01, -4.43774080e+00, 4.72977400e+00,
       2.56306324e+01, -3.85759664e+00, 4.84059381e+00, 2.52863789e+01,
       -5.24747849e+00, 4.90596771e+00, 2.53070145e+01, -4.82843685e+00,
       4.96115398e+00, 2.53999920e+01, -4.03900290e+00, 4.92783642e+00,
       2.52657471e+01, -3.79817390e+00, 4.91807413e+00, 2.51847515e+01,
       -3.79817390e+00, 4.91807413e+00, 2.51847515e+01, -5.62650013e+00,
       5.05068684e+00, 2.54566669e+01, -5.12097979e+00, 5.14459229e+00,
       2.53220501e+01, -5.12097979e+00, 5.14459229e+00, 2.53220501e+01,
       -4.88478756e+00, 5.14624357e+00, 2.51773205e+01, -5.38306475e+00,
       5.41526699e+00, 2.49439449e+01, -3.68226051e+00, 5.57562160e+00,
       2.43388081e+01, -4.77352333e+00, 5.64832926e+00, 2.44073067e+01,
       -4.77352333e+00, 5.64832926e+00, 2.44073067e+01, -2.89288545e+00,
       5.61385632e+00, 2.42564545e+01, -4.15001345e+00, 5.79098177e+00,
       2.41372318e+01, -3.53864074e+00, 6.26005411e+00, 2.33244362e+01,
       -3.53799820e+00, 6.52755260e+00, 2.31540890e+01, -4.74681377e+00,
       6.58000326e+00, 2.31656990e+01, -3.01395702e+00, 6.48384285e+00,
       2.27973766e+01, -4.76030445e+00, 6.74636459e+00, 2.29236145e+01,
       -4.76030445e+00, 6.74636459e+00, 2.29236145e+01, -3.31017828e+00,
       6.66379738e+00, 2.25334797e+01, -2.36218715e+00, 6.70920372e+00,
       2.25541363e+01, -2.36218715e+00, 6.70920372e+00, 2.25541363e+01,
       -4.11165524e+00, 6.80749750e+00, 2.25765877e+01, -4.68662834e+00,
       6.90736675e+00, 2.27704010e+01, -3.79867935e+00, 6.90064240e+00,
       2.25744686e+01, -4.38950300e+00, 6.96141386e+00, 2.25984707e+01,
       -4.38950300e+00, 6.96141386e+00, 2.25984707e+01, -3.44562650e+00,
       6.93096161e+00, 2.24910221e+01, -3.32428479e+00, 7.16212940e+00,
       2.22555008e+01, 7.67394876e+00, 8.01682186e+00, 2.48298092e+01,
       7.67394876e+00, 8.01682186e+00, 2.48298092e+01, -1.82921433e+00,
       7.15905142e+00, 2.20446892e+01, -2.66796541e+00, 7.24225473e+00,
       2.20858765e+01, -1.24137115e+00, 7.39733934e+00, 2.13619556e+01,
       -1.24137115e+00, 7.39733934e+00, 2.13619556e+01, -3.86870909e+00,
       7.65571737e+00, 2.17346802e+01, -3.95642066e+00, 7.65287971e+00,
       2.16581955e+01, -3.15318179e+00, 7.74566650e+00, 2.14528446e+01,
       -3.15318179e+00, 7.74566650e+00, 2.14528446e+01, -1.10014307e+00,
       8.19488049e+00, 2.22225018e+01, -3.12201357e+00, 8.10217857e+00,
       2.10244274e+01, -3.02188230e+00, 8.09354973e+00, 2.09721451e+01,
       -3.15709686e+00, 8.12990856e+00, 2.08903275e+01, -3.15709686e+00,
       8.12990856e+00, 2.08903275e+01, -1.92044175e+00, 8.37777710e+00,
       2.13964939e+01, -1.99224198e+00, 8.40361881e+00, 2.13641396e+01,
       -1.08492434e+00, 8.88672543e+00, 2.25631390e+01, -3.35208440e+00,
       8.22185040e+00, 2.08613911e+01, -2.18812418e+00, 8.59101486e+00,
       2.13643894e+01, -2.62243104e+00, 8.61885643e+00, 2.12612839e+01,
       -3.11535883e+00, 8.72163677e+00, 2.11487236e+01, -2.80438590e+00,
       8.75658607e+00, 2.12343121e+01, -3.73356986e+00, 9.44858360e+00,
       2.14222851e+01, 1.57060397e+00, -1.38479414e+01, 3.36867599e+01,
       -1.15254059e-01, -1.39593897e+01, 3.41095657e+01, 1.36377144e+00,
       -1.37790270e+01, 3.37405205e+01, -4.32913685e+00, -1.39355040e+01,
       3.46352272e+01, -1.48908496e+00, -1.35400639e+01, 3.38173027e+01,
       -1.88660729e+00, -1.30618019e+01, 3.31761856e+01, -1.88660729e+00,
       -1.30618019e+01, 3.31761856e+01, -2.04171443e+00, -1.30520821e+01,
       3.32790718e+01, -2.04171443e+00, -1.30520821e+01, 3.32790718e+01,
       -6.75293982e-01, -1.27398291e+01, 3.27710571e+01, -8.55055618e+00,
       -1.31127424e+01, 3.49390221e+01, -7.83984089e+00, -1.32668953e+01,
       3.53568001e+01, -7.83984089e+00, -1.32668953e+01, 3.53568001e+01,
       -7.94746447e+00, -1.29468756e+01, 3.47329216e+01, -9.88636017e+00,
       -1.31185255e+01, 3.53334198e+01, -9.12335491e+00, -1.30290060e+01,
       3.50629234e+01, -8.14066029e+00, -1.28635855e+01, 3.48527565e+01,
       -8.14066029e+00, -1.28635855e+01, 3.48527565e+01, -4.83595562e+00,
       -1.22952728e+01, 3.35198898e+01, -8.67024517e+00, -1.22323294e+01,
       3.34152107e+01, -7.71660686e-01, -1.21327639e+01, 3.31087418e+01,
       -1.21519399e+00, -1.21186323e+01, 3.32038727e+01, -9.41267371e-01,
       -1.20100269e+01, 3.29127235e+01, -1.03335857e+01, -1.27128010e+01,
       3.53914452e+01, -7.89671850e+00, -1.29967184e+01, 3.63184204e+01,
       -2.65022540e+00, -1.19354248e+01, 3.36418190e+01, 1.71341226e-02,
       -1.18929768e+01, 3.36474228e+01, -8.51959801e+00, -1.23934183e+01,
       3.54955330e+01, 1.10275507e+00, -1.15639467e+01, 3.31874886e+01,
       1.65780842e+00, -1.15420561e+01, 3.30780792e+01, -9.93193245e+00,
       -1.22340307e+01, 3.55523529e+01, -3.77753687e+00, -1.17382536e+01,
       3.41182938e+01, -3.77753687e+00, -1.17382536e+01, 3.41182938e+01,
       -1.99055004e+00, -1.16264143e+01, 3.38345909e+01, -4.55673790e+00,
       -1.17205324e+01, 3.42120476e+01, -4.55673790e+00, -1.17205324e+01,
       3.42120476e+01, -3.93110800e+00, -1.16447639e+01, 3.41204071e+01,
       -4.70805788e+00, -1.16644716e+01, 3.42675514e+01, -1.12199390e+00,
       -1.15463886e+01, 3.40352097e+01, -1.12199390e+00, -1.15463886e+01,
       3.40352097e+01, -4.55999374e+00, -1.15756025e+01, 3.43196526e+01,
       -2.67187262e+00, -1.14715090e+01, 3.41122780e+01, -2.67187262e+00,
       -1.14715090e+01, 3.41122780e+01, 1.65562093e+00, -1.12381210e+01,
       3.35819168e+01, -1.11118689e+01, -1.24151697e+01, 3.71910172e+01,
       -1.11118689e+01, -1.24151697e+01, 3.71910172e+01, -8.87231064e+00,
       -1.22133055e+01, 3.68094177e+01, -9.33205318e+00, -1.22521372e+01,
       3.71546402e+01, 1.63666320e+00, -1.09433908e+01, 3.35156822e+01,
       -7.00695753e+00, -1.17410021e+01, 3.61828537e+01, -7.00695753e+00,
       -1.17410021e+01, 3.61828537e+01, -4.79408711e-01, -1.09088860e+01,
       3.42783928e+01, -4.79408711e-01, -1.09088860e+01, 3.42783928e+01,
       -7.11488605e-01, -1.09574919e+01, 3.45412369e+01, -5.34262732e-02,
       -2.48569465e+00, 7.95904970e+00, -2.31065959e-01, -1.07432384e+01,
       3.43842087e+01, -7.18543112e-01, -1.08880348e+01, 3.49070129e+01,
       -1.07873666e+00, -1.07346554e+01, 3.44797211e+01, -1.96687818e+00,
       -1.07997131e+01, 3.47967453e+01, -1.81882298e+00, -7.88777828e+00,
       2.55041027e+01, -3.59274125e+00, -1.07728987e+01, 3.50010986e+01,
       1.45240331e+00, 4.35672998e+00, -1.41485481e+01, -1.16896771e-01,
       -1.06115828e+01, 3.44743385e+01, -1.16896771e-01, -1.06115828e+01,
       3.44743385e+01, 2.11025906e+00, -1.03545685e+01, 3.37132301e+01,
       -1.42604089e+00, -1.03722610e+01, 3.47397728e+01, -3.44924736e+00,
       -1.01318903e+01, 3.53413124e+01, -7.78399277e+00, -1.06843395e+01,
       3.75137291e+01, -9.42234898e+00, -1.03654585e+01, 3.66401596e+01,
       -9.06313324e+00, -1.01427326e+01, 3.67538757e+01, -9.06313324e+00,
       -1.01427326e+01, 3.67538757e+01, 1.01397457e+01, -9.23023415e+00,
       3.35919151e+01, -7.58668661e+00, -1.02258902e+01, 3.74896393e+01,
       1.03535528e+01, -9.11824512e+00, 3.34699898e+01, -1.88691890e+00,
       -1.15480404e+01, 4.33943558e+01, -1.54769647e+00, -9.47481918e+00,
       3.55870514e+01, -9.51502419e+00, -9.73295212e+00, 3.70527763e+01,
       -9.51502419e+00, -9.73295212e+00, 3.70527763e+01, -9.51502419e+00,
       -9.73295212e+00, 3.70527763e+01, 1.23378658e+01, -8.56101418e+00,
       3.28068199e+01, -7.69956255e+00, -9.82368469e+00, 3.81052780e+01,
       8.37191641e-01, 1.59374404e+00, -6.24692249e+00, -8.44181299e-01,
       -8.65409565e+00, 3.39265747e+01, -9.84063911e+00, -9.37178326e+00,
       3.70988884e+01, -8.94512177e+00, -9.57153225e+00, 3.82637787e+01,
       1.93576717e+00, -8.92510033e+00, 3.59274902e+01, -8.75501156e+00,
       -9.55983829e+00, 3.86770973e+01, -2.08493328e+00, -9.04787922e+00,
       3.67452164e+01, 2.00598121e+00, -8.83705616e+00, 3.62787933e+01,
       6.08729362e+00, -8.84887505e+00, 3.67610893e+01, -9.80298519e+00,
       -8.96120834e+00, 3.74660988e+01, 7.65947914e+00, -8.39633083e+00,
       3.55674591e+01, 7.65947914e+00, -8.39633083e+00, 3.55674591e+01,
       -6.88564777e-01, -8.46154308e+00, 3.64379539e+01, 6.06872511e+00,
       -8.53677845e+00, 3.69274864e+01, 6.06872511e+00, -8.53677845e+00,
       3.69274864e+01, 5.81394148e+00, -8.53904629e+00, 3.71528702e+01,
       -1.26088023e-01, -8.34425259e+00, 3.66816101e+01, -3.87343264e+00,
       -8.29498482e+00, 3.72011528e+01, 5.21407318e+00, -8.18752861e+00,
       3.72943344e+01, 5.60377073e+00, -8.19491577e+00, 3.74944992e+01,
       4.87365395e-01, -8.07834148e+00, 3.71092758e+01, -1.91911423e+00,
       -8.00499058e+00, 3.68799248e+01, 7.26636505e+00, -7.78683472e+00,
       3.60439758e+01, 7.26636505e+00, -7.78683472e+00, 3.60439758e+01,
       6.72433138e+00, -8.06709003e+00, 3.78319206e+01, -1.04841461e+01,
       -8.11183643e+00, 3.82018509e+01, 6.89275122e+00, -7.91132069e+00,
       3.70841789e+01, 7.67119122e+00, -7.72208548e+00, 3.64415932e+01,
       -2.84962535e+00, -7.81019115e+00, 3.73390083e+01, 1.22447891e+01,
       -7.31400442e+00, 3.49521217e+01, -4.95996141e+00, -7.76027775e+00,
       3.74434891e+01, -1.87235808e+00, -7.60856867e+00, 3.71726494e+01,
       -1.87235808e+00, -7.60856867e+00, 3.71726494e+01, -1.02336636e+01,
       -7.70528650e+00, 3.83623924e+01, -8.58314133e+00, -8.01852226e+00,
       3.99503899e+01, -8.58314133e+00, -8.01852226e+00, 3.99503899e+01,
       -7.08715630e+00, -7.87843704e+00, 3.97794189e+01, 1.17194605e+01,
       -6.85299253e+00, 3.46470146e+01, -1.04048023e+01, -7.39484692e+00,
       3.77101021e+01, -1.36567342e+00, -7.34264326e+00, 3.78363419e+01,
       7.02455938e-01, -7.17812109e+00, 3.73116646e+01, 1.10825405e+01,
       -6.62632036e+00, 3.51552200e+01, 1.16377430e+01, -6.64213896e+00,
       3.52451134e+01, -1.01261592e+00, -7.10599232e+00, 3.79351730e+01,
       -1.04678535e+01, -7.24182844e+00, 3.88127480e+01, 1.03699741e+01,
       -6.61054230e+00, 3.53408508e+01, -7.46801281e+00, -7.46311903e+00,
       4.06009026e+01, -7.46801281e+00, -7.46311903e+00, 4.06009026e+01,
       -4.44467157e-01, -6.90801334e+00, 3.81583672e+01, 1.17545595e+01,
       -6.28505754e+00, 3.53839035e+01, -8.35192871e+00, -7.16341114e+00,
       4.06646309e+01, -8.65168190e+00, -6.94955587e+00, 3.98617363e+01,
       -7.26787329e+00, -7.17318153e+00, 4.13692398e+01, -1.90769887e+00,
       -6.57580519e+00, 3.84394379e+01, 5.17769381e-02, -6.52463007e+00,
       3.83164825e+01, -9.23019981e+00, -6.79153681e+00, 4.00108528e+01,
       -9.23019981e+00, -6.79153681e+00, 4.00108528e+01, 8.87668610e+00,
       -6.22546959e+00, 3.71413002e+01, -4.51963186e+00, -6.37199450e+00,
       3.83466797e+01, -3.90297484e+00, -6.34993982e+00, 3.89750824e+01,
       3.32449961e+00, -6.60512590e+00, 4.04912720e+01, -2.11683416e+00,
       -5.90080881e+00, 3.70055847e+01, 1.15481949e+01, -5.72752380e+00,
       3.62742386e+01, 4.51237440e+00, -6.30230713e+00, 4.01896439e+01,
       -4.57377338e+00, -6.02918720e+00, 3.90831032e+01, 1.11063747e+01,
       -5.46695995e+00, 3.64677238e+01, 5.73884308e-01, -5.77109241e+00,
       3.86579781e+01, 4.45355940e+00, -5.92753696e+00, 4.00384827e+01,
       4.73789120e+00, -5.95024014e+00, 4.04562111e+01, 4.73789120e+00,
       -5.95024014e+00, 4.04562111e+01, 5.09075069e+00, -5.95568848e+00,
       4.07515907e+01, 1.15103941e+01, -5.39916372e+00, 3.68948326e+01,
       1.13147564e+01, -5.36989784e+00, 3.69564934e+01, 5.01610041e+00,
       -5.39757824e+00, 3.71909409e+01, -9.92903137e+00, -5.75140333e+00,
       4.01488113e+01, 4.32906538e-01, -5.83569479e+00, 4.07425346e+01,
       1.00521135e+01, -5.39528418e+00, 3.77330399e+01, 1.04767036e+01,
       -5.29007673e+00, 3.78239594e+01, -1.02630634e+01, -5.41097021e+00,
       3.87557678e+01, -1.62399614e+00, -5.57435894e+00, 3.97917747e+01,
       -9.54597533e-01, -5.33656073e+00, 3.90666199e+01, -4.33094168e+00,
       -5.32883835e+00, 3.99398041e+01, -3.68569756e+00, -5.29110956e+00,
       3.97447090e+01, -5.01588404e-01, -4.07254457e+00, 3.06673203e+01,
       -1.33033395e+00, -5.14906502e+00, 3.94402962e+01, 9.92545605e-01,
       -5.12252855e+00, 3.90350990e+01, -7.15066624e+00, -5.32679796e+00,
       4.09094925e+01, 4.15006161e+00, -5.33089828e+00, 4.11573563e+01,
       4.15006161e+00, -5.33089828e+00, 4.11573563e+01, -7.75234222e+00,
       -5.31658840e+00, 4.13818512e+01, -1.57943928e+00, -5.05653048e+00,
       3.95851212e+01, -1.85900259e+00, -4.93738365e+00, 3.92007980e+01,
       8.57797241e+00, -4.91068983e+00, 3.87993660e+01, 3.81560397e+00,
       -5.20043516e+00, 4.14728966e+01, 1.25722628e+01, -4.40950537e+00,
       3.53563156e+01, 1.23588061e+00, -4.62577248e+00, 3.80397530e+01,
       5.84300947e+00, -4.87044001e+00, 4.06232681e+01, 5.84300947e+00,
       -4.87044001e+00, 4.06232681e+01, 9.13456726e+00, -4.70012236e+00,
       3.91055832e+01, 3.59469151e+00, -4.37196159e+00, 3.89865990e+01,
       6.27073336e+00, -4.58363485e+00, 4.08633804e+01, 5.52555037e+00,
       -4.58013868e+00, 4.10440140e+01, 6.64484358e+00, -4.52626562e+00,
       4.07201538e+01, 9.47037315e+00, -3.95515823e+00, 3.76537666e+01,
       3.88900685e+00, -1.63033676e+00, 1.54652195e+01, 6.48081636e+00,
       -4.02966070e+00, 4.10030403e+01, 8.73526669e+00, -3.61192107e+00,
       3.98872108e+01, -8.95616722e+00, -3.29450941e+00, 3.71546059e+01,
       -2.59101295e+00, -2.55351424e+00, 3.74947739e+01, -2.59101295e+00,
       -2.55351424e+00, 3.74947739e+01, -1.79839635e+00, -2.54734397e+00,
       3.78302612e+01, 8.80291998e-01, -2.60579062e+00, 3.87105789e+01,
       -6.43155277e-01, -2.50689697e+00, 3.81891708e+01, -6.43155277e-01,
       -2.50689697e+00, 3.81891708e+01, -8.77816617e-01, -2.26694798e+00,
       3.80176964e+01, -5.77759027e+00, -2.00333476e+00, 3.66717224e+01,
       -1.17443647e+01, -1.94766569e+00, 3.62426338e+01, -3.44066262e+00,
       -1.95206511e+00, 3.75887604e+01, -3.44066262e+00, -1.95206511e+00,
       3.75887604e+01, -7.26007891e+00, -1.70731759e+00, 3.67518883e+01,
       -7.50194740e+00, -1.63354111e+00, 3.65790138e+01, -1.20913343e+01,
       -1.02764690e+00, 3.49149475e+01, -1.20913343e+01, -1.02764690e+00,
       3.49149475e+01, -1.12908707e+01, -8.12478960e-01, 3.44327164e+01,
       -1.14472752e+01, -6.93637848e-01, 3.40477867e+01, -1.14472752e+01,
       -6.93637848e-01, 3.40477867e+01, -1.17646627e+01, -5.87595046e-01,
       3.41623001e+01, -1.01040831e+01, -5.64236760e-01, 3.39180794e+01,
       -9.65017033e+00, -5.68552375e-01, 3.36058502e+01, -7.61988926e+00,
       -1.54436365e-01, 3.84139633e+01, -1.11634254e+01, -3.11765354e-02,
       3.33515205e+01, -1.11634254e+01, -3.11765354e-02, 3.33515205e+01,
       -8.62559414e+00, 4.83960398e-02, 3.26851807e+01, -8.62559414e+00,
       4.83960398e-02, 3.26851807e+01, -8.36116695e+00, 6.78618670e-01,
       3.18876057e+01, -7.27361584e+00, 2.21518445e+00, 2.94244919e+01,
       -7.27361584e+00, 2.21518445e+00, 2.94244919e+01, -6.79210949e+00,
       2.39068627e+00, 2.91751900e+01, -6.87626076e+00, 2.67477846e+00,
       2.87705841e+01, -6.46473837e+00, 2.72378516e+00, 2.85996742e+01,
       -6.71381998e+00, 2.79079127e+00, 2.84482365e+01, -6.32200813e+00,
       2.91937590e+00, 2.84288368e+01, -6.56940508e+00, 2.98657560e+00,
       2.82535534e+01, -6.60627031e+00, 3.15793991e+00, 2.85688725e+01,
       -4.56056213e+00, 4.25808239e+00, 2.62727222e+01, -4.21019077e+00,
       4.77985716e+00, 2.52413902e+01, -3.54851341e+00, 4.84628820e+00,
       2.52674751e+01, -4.05972672e+00, 5.01805687e+00, 2.51699352e+01,
       -3.75079322e+00, 5.06588697e+00, 2.49572906e+01, -3.75079322e+00,
       5.06588697e+00, 2.49572906e+01, -3.53267241e+00, 5.14663839e+00,
       2.46853027e+01, -4.49444675e+00, 5.19149542e+00, 2.47942410e+01,
       -3.50541139e+00, 5.29882669e+00, 2.45955029e+01, -3.50541139e+00,
       5.29882669e+00, 2.45955029e+01, -5.72534132e+00, 5.46843243e+00,
       2.50077209e+01, -3.46348333e+00, 5.64130068e+00, 2.41707668e+01,
       -3.46348333e+00, 5.64130068e+00, 2.41707668e+01, -3.84285665e+00,
       5.71851635e+00, 2.41912136e+01, -3.84285665e+00, 5.71851635e+00,
       2.41912136e+01, -2.65434170e+00, 6.13566017e+00, 2.34889736e+01,
       -2.65434170e+00, 6.13566017e+00, 2.34889736e+01, -3.42395616e+00,
       6.19790888e+00, 2.32857914e+01, -5.17376661e+00, 6.44660997e+00,
       2.35737000e+01, -4.02091932e+00, 6.49371767e+00, 2.30587311e+01,
       -3.38515973e+00, 6.48924732e+00, 2.30179634e+01, -5.00753403e+00,
       6.71668100e+00, 2.35649948e+01, -3.83294058e+00, 6.61002207e+00,
       2.29261284e+01, -3.43059874e+00, 6.64750338e+00, 2.26245251e+01,
       -2.81393933e+00, 6.74676704e+00, 2.26353588e+01, -2.81393933e+00,
       6.74676704e+00, 2.26353588e+01, -2.51112747e+00, 6.73215914e+00,
       2.26198635e+01, -4.59059477e+00, 6.81992674e+00, 2.27799664e+01,
       -1.86754763e+00, 6.81546259e+00, 2.24627285e+01, -3.90161276e+00,
       6.91796494e+00, 2.25355892e+01, -3.90161276e+00, 6.91796494e+00,
       2.25355892e+01, -2.35294771e+00, 6.87900639e+00, 2.23350964e+01,
       -2.99935770e+00, 7.03115273e+00, 2.21853828e+01, -4.10712004e+00,
       7.08972502e+00, 2.22737789e+01, -3.33068538e+00, 6.97660494e+00,
       2.18265991e+01, -5.01663113e+00, 7.35743952e+00, 2.26866322e+01,
       -3.54749370e+00, 7.19577265e+00, 2.22159290e+01, -3.80609369e+00,
       7.34199762e+00, 2.22216816e+01, -3.63978481e+00, 7.35085344e+00,
       2.21994247e+01, -1.58362556e+00, 7.25483179e+00, 2.18842468e+01,
       -4.68728781e+00, 7.47216225e+00, 2.19821339e+01, -2.26352382e+00,
       7.56058073e+00, 2.15634594e+01, -2.03392458e+00, 7.67970467e+00,
       2.16770554e+01, -1.74052727e+00, 7.79815769e+00, 2.12964897e+01,
       -2.95084047e+00, 7.88907862e+00, 2.12171135e+01, -3.53815508e+00,
       7.98907661e+00, 2.13727264e+01, -2.55858135e+00, 8.03391552e+00,
       2.10802021e+01, -1.83874941e+00, 8.37520599e+00, 2.14262905e+01,
       -2.19822502e+00, 8.37388992e+00, 2.12560959e+01, -3.77154970e+00,
       8.44337845e+00, 2.08860035e+01, -2.70927882e+00, 8.79964161e+00,
       2.12692833e+01, -1.40358078e+00, 9.61372566e+00, 2.30380116e+01,
       -1.36686397e+00, 9.94842815e+00, 2.33820724e+01, -2.94248986e+00,
       9.15324211e+00, 2.14405079e+01, -1.48531163e+00, 9.85911465e+00,
       2.30245705e+01, -2.49645472e+00, 1.02044601e+01, 2.26033649e+01,
       -3.44626474e+00, 1.10409479e+01, 2.31924267e+01, -2.46744823e+00,
       -1.32869720e+01, 3.33487587e+01, 2.37462344e-03, -1.30308247e+01,
       3.29021187e+01, -1.10995734e+00, -1.32735357e+01, 3.35490303e+01,
       -1.10995734e+00, -1.32735357e+01, 3.35490303e+01, -2.71673512e+00,
       -1.32046108e+01, 3.36015358e+01, -1.71644628e+00, -1.31924706e+01,
       3.36178474e+01, -6.06539361e-02, -9.23668671e+00, 2.36889172e+01,
       -1.05073774e+00, -1.27628422e+01, 3.28503838e+01, -8.16797638e+00,
       -1.36861486e+01, 3.57441177e+01, -7.98840094e+00, -1.31259909e+01,
       3.50493393e+01, -9.91791153e+00, -1.26757698e+01, 3.49308624e+01,
       -2.26482773e+00, -1.21119022e+01, 3.34043198e+01, -2.26482773e+00,
       -1.21119022e+01, 3.34043198e+01, -2.26482773e+00, -1.21119022e+01,
       3.34043198e+01, -8.95489693e+00, -1.30339584e+01, 3.60088272e+01,
       -7.96414757e+00, -1.27032337e+01, 3.51452866e+01, -7.96414757e+00,
       -1.27032337e+01, 3.51452866e+01, -1.18103516e+00, -1.18554173e+01,
       3.36105614e+01, -2.80934167e+00, -1.18021383e+01, 3.36760063e+01,
       1.27143395e+00, -1.16225481e+01, 3.31495819e+01, -3.30405188e+00,
       -1.16119900e+01, 3.33364143e+01, 2.34541863e-01, -1.16354980e+01,
       3.33735466e+01, 1.47743821e+00, -1.15178490e+01, 3.31278000e+01,
       2.87411232e-02, -1.16071491e+01, 3.34607964e+01, -9.71747494e+00,
       -1.22791395e+01, 3.54754219e+01, -9.71747494e+00, -1.22791395e+01,
       3.54754219e+01, -2.19558454e+00, -1.16864958e+01, 3.38830490e+01,
       -1.78372562e+00, -1.16746311e+01, 3.38195343e+01, 1.25487733e+00,
       -1.14844599e+01, 3.32670250e+01, 1.17249703e+00, -1.13476448e+01,
       3.34175797e+01, -4.15282154e+00, -1.14233179e+01, 3.43495789e+01,
       -4.15282154e+00, -1.14233179e+01, 3.43495789e+01, 2.46936724e-01,
       -1.10601015e+01, 3.39576569e+01, 2.46936724e-01, -1.10601015e+01,
       3.39576569e+01, -1.21383679e+00, -1.11361923e+01, 3.44116669e+01,
       -4.14819479e+00, -1.10787191e+01, 3.46975136e+01, -4.14819479e+00,
       -1.10787191e+01, 3.46975136e+01, 1.67799377e+00, -1.08081856e+01,
       3.37570267e+01, -2.46051446e-01, -1.08963394e+01, 3.42865067e+01,
       -1.01280584e+01, -1.14324217e+01, 3.61030426e+01, -2.47332001e+00,
       -1.09225636e+01, 3.46461182e+01, -2.84690046e+00, -1.09140892e+01,
       3.47130089e+01, -2.84690046e+00, -1.09140892e+01, 3.47130089e+01,
       1.55716455e+00, 5.30645609e+00, -1.68993740e+01, -3.20290852e+00,
       -1.09126577e+01, 3.47616539e+01, -5.18821955e+00, -1.09064989e+01,
       3.48295822e+01, -5.18821955e+00, -1.09064989e+01, 3.48295822e+01,
       -3.57205248e+00, -1.08860111e+01, 3.47569275e+01, -2.65041852e+00,
       -1.07614126e+01, 3.46401138e+01, -2.65041852e+00, -1.07614126e+01,
       3.46401138e+01, -3.02279592e+00, -1.08084593e+01, 3.50059013e+01,
       2.13573551e+00, -1.05539980e+01, 3.44219513e+01, -1.93885040e+00,
       -1.06424017e+01, 3.49304199e+01, -1.93885040e+00, -1.06424017e+01,
       3.49304199e+01, -1.47026348e+00, -1.05766544e+01, 3.46961823e+01,
       -3.13323832e+00, -1.06375513e+01, 3.51802559e+01, -3.31707191e+00,
       -1.05113268e+01, 3.50660248e+01, -1.84624517e+00, -1.04099417e+01,
       3.50159760e+01, -1.28459251e+00, -1.02601357e+01, 3.50583687e+01,
       -2.69654489e+00, -1.01292810e+01, 3.50423393e+01, -2.36761659e-01,
       -1.00155993e+01, 3.51139259e+01, 1.52619973e-01, -9.94373035e+00,
       3.48912354e+01, -3.66391730e+00, -1.00679779e+01, 3.55240822e+01,
       -2.19282436e+00, -9.99629402e+00, 3.52990036e+01, -2.94125247e+00,
       -9.99873447e+00, 3.56034317e+01, 9.84310436e+00, -9.35216141e+00,
       3.38536949e+01, 9.84310436e+00, -9.35216141e+00, 3.38536949e+01,
       7.87780046e+00, -9.58005619e+00, 3.48165741e+01, 7.87780046e+00,
       -9.58005619e+00, 3.48165741e+01, 9.59972382e+00, -9.33933067e+00,
       3.42627487e+01, -2.36190176e+00, -9.62669182e+00, 3.64163551e+01,
       6.64204732e-02, -9.50971699e+00, 3.59745827e+01, 6.64204732e-02,
       -9.50971699e+00, 3.59745827e+01, 9.70386124e+00, -8.98395634e+00,
       3.42370872e+01, -3.16875887e+00, -9.35207462e+00, 3.60241852e+01,
       -3.50548482e+00, -9.36078262e+00, 3.63820648e+01, -9.04624403e-01,
       -8.93813038e+00, 3.50639610e+01, 1.21243725e+01, -8.37693596e+00,
       3.28975677e+01, -4.07728529e+00, -9.14008236e+00, 3.64149666e+01,
       -4.07728529e+00, -9.14008236e+00, 3.64149666e+01, -8.04202461e+00,
       -9.55946445e+00, 3.81750259e+01, 1.23802643e+01, -7.40127087e+00,
       3.08805084e+01, 6.85800552e+00, -8.62546444e+00, 3.63168030e+01,
       6.85800552e+00, -8.62546444e+00, 3.63168030e+01, 6.18435526e+00,
       -8.68477917e+00, 3.68158112e+01, 6.63869429e+00, -8.63559341e+00,
       3.65557480e+01, 6.63869429e+00, -8.63559341e+00, 3.65557480e+01,
       -9.65231419e+00, -8.84169102e+00, 3.77021942e+01, 2.37737507e-01,
       -8.48100662e+00, 3.68314514e+01, 4.82537174e+00, -8.77273083e+00,
       3.83948975e+01, 4.82537174e+00, -8.77273083e+00, 3.83948975e+01,
       5.31213522e+00, -8.53602600e+00, 3.74255981e+01, 5.31213522e+00,
       -8.53602600e+00, 3.74255981e+01, 6.21040821e+00, -8.35544109e+00,
       3.70035057e+01, 3.41454339e+00, -4.59359312e+00, 2.03447418e+01,
       -9.42717552e+00, -8.60353851e+00, 3.82791405e+01, -2.10334229e+00,
       -8.00273418e+00, 3.57267418e+01, 5.48500872e+00, -8.34821987e+00,
       3.72188110e+01, -8.71454060e-01, -8.22544575e+00, 3.68429337e+01,
       8.85271358e+00, -7.78920507e+00, 3.49730911e+01, 8.85271358e+00,
       -7.78920507e+00, 3.49730911e+01, 7.26131248e+00, -8.17702866e+00,
       3.69717369e+01, -3.69251347e+00, -8.17732525e+00, 3.72650871e+01,
       1.05115681e+01, -7.44840384e+00, 3.48314629e+01, 3.21186334e-01,
       -7.79840088e+00, 3.72659073e+01, -7.20943069e+00, -8.51003075e+00,
       4.12201462e+01, 9.42522049e-01, -7.45897388e+00, 3.75069618e+01,
       -9.96331024e+00, -7.63257837e+00, 3.87234154e+01, -1.00932102e+01,
       -7.94798803e+00, 4.03019943e+01, -3.98565084e-01, -7.36806107e+00,
       3.77601509e+01, 1.16964045e+01, -6.89997864e+00, 3.55752106e+01,
       -1.02184801e+01, -7.38471222e+00, 3.85280876e+01, 5.25720215e+00,
       -7.31198978e+00, 3.90432053e+01, -4.63896847e+00, -7.11202955e+00,
       3.80619011e+01, 5.51118231e+00, -7.23246956e+00, 3.89239082e+01,
       -6.53637171e-01, -6.96785784e+00, 3.80772667e+01, -6.53637171e-01,
       -6.96785784e+00, 3.80772667e+01, -6.53637171e-01, -6.96785784e+00,
       3.80772667e+01, 1.12322836e+01, -6.46510124e+00, 3.53991699e+01,
       -1.02666817e+01, -7.03340960e+00, 3.90481491e+01, -8.61015701e+00,
       -7.18176556e+00, 4.08018150e+01, 1.10636883e+01, -6.14222050e+00,
       3.59029121e+01, 1.10636883e+01, -6.14222050e+00, 3.59029121e+01,
       -6.86588466e-01, -6.47668219e+00, 3.82902107e+01, -8.22658062e+00,
       -6.73389912e+00, 4.03553658e+01, 4.84395361e+00, -6.54539728e+00,
       3.95171700e+01, 5.90089703e+00, -6.91801882e+00, 4.20895691e+01,
       1.56791592e+00, -6.20992517e+00, 3.83278084e+01, 1.24226904e+01,
       -5.79443121e+00, 3.56003113e+01, 9.94347095e+00, -5.81496239e+00,
       3.70240898e+01, 6.65504158e-01, -6.15039206e+00, 3.94617462e+01,
       8.62809181e+00, -5.90725994e+00, 3.87027397e+01, -5.61362028e+00,
       -5.97535658e+00, 3.98263435e+01, -3.01759696e+00, -5.90535450e+00,
       3.94237099e+01, -7.51765490e+00, -6.29214668e+00, 4.22208214e+01,
       1.10087805e+01, -5.13123417e+00, 3.65275345e+01, 1.08115988e+01,
       -5.14247274e+00, 3.75071259e+01, 9.98847580e+00, -4.97523594e+00,
       3.65973625e+01, -1.04075193e+01, -5.25966644e+00, 4.03299675e+01,
       -7.09021711e+00, -5.53604174e+00, 4.23818855e+01, -5.35254669e+00,
       -5.22835922e+00, 3.99509506e+01, 7.20564306e-01, -4.57077074e+00,
       3.83756828e+01, 6.03623295e+00, -4.70611763e+00, 4.05425301e+01,
       6.03623295e+00, -4.70611763e+00, 4.05425301e+01, 9.24410820e+00,
       -4.52657175e+00, 3.97859764e+01, 4.42766619e+00, -4.67301464e+00,
       4.49472084e+01, -9.77969933e+00, -4.07202291e+00, 4.00199471e+01,
       8.25612450e+00, -3.98744082e+00, 4.02584686e+01, 8.25612450e+00,
       -3.98744082e+00, 4.02584686e+01, -2.95545936e+00, -3.37596154e+00,
       3.74473686e+01, 1.17603512e+01, -3.47409153e+00, 4.03026733e+01,
       8.79124451e+00, -3.46125674e+00, 4.08222542e+01, 1.87831521e+00,
       -2.90389895e+00, 3.87191887e+01, 1.87831521e+00, -2.90389895e+00,
       3.87191887e+01, 8.80828381e-01, -2.16684031e+00, 3.82364426e+01,
       8.80828381e-01, -2.16684031e+00, 3.82364426e+01, -8.83795381e-01,
       -1.96223867e+00, 3.83130722e+01, -8.83795381e-01, -1.96223867e+00,
       3.83130722e+01, -7.55924821e-01, -1.69991875e+00, 3.81559486e+01,
       -2.39374256e+00, -1.60368967e+00, 3.82041931e+01, -1.73468018e+00,
       -2.57730675e+00, 5.99313011e+01, -1.10005069e+00, -1.61822629e+00,
       3.80901680e+01, -5.32721710e+00, -1.52280056e+00, 3.71975403e+01,
       -5.32721710e+00, -1.52280056e+00, 3.71975403e+01, -4.15361595e+00,
       -1.47655237e+00, 3.76913567e+01, -7.49241829e+00, -1.40930557e+00,
       3.66654854e+01, -4.37465000e+00, -1.14168477e+00, 3.79528885e+01,
       -4.37465000e+00, -1.14168477e+00, 3.79528885e+01, 9.58975375e-01,
       7.11166188e-02, -3.49452090e+00, 9.58975375e-01, 7.11166188e-02,
       -3.49452090e+00, -5.85206652e+00, -6.39589250e-01, 3.80516434e+01,
       -5.85206652e+00, -6.39589250e-01, 3.80516434e+01, -8.91402149e+00,
       1.15054116e-01, 3.25657082e+01, -9.54950237e+00, 1.65124726e+00,
       3.06966515e+01, -7.39125347e+00, 1.95748150e+00, 2.96060810e+01,
       -5.01221085e+00, 4.55682230e+00, 2.60470829e+01, -3.97966599e+00,
       4.68553209e+00, 2.59458466e+01, -4.94255304e+00, 4.71117783e+00,
       2.56591091e+01, -3.98602200e+00, 4.75460386e+00, 2.55464859e+01,
       -3.71306252e+00, 5.20422411e+00, 2.48161163e+01, -3.71306252e+00,
       5.20422411e+00, 2.48161163e+01, -3.86225772e+00, 5.22638416e+00,
       2.47201710e+01, -5.27303934e+00, 5.43310165e+00, 2.50675182e+01,
       -5.27303934e+00, 5.43310165e+00, 2.50675182e+01, -3.20837736e+00,
       5.35836983e+00, 2.45389919e+01, -5.58020401e+00, 5.55971909e+00,
       2.49627476e+01, -3.40343094e+00, 5.60907650e+00, 2.45934334e+01,
       -5.58095264e+00, 5.91554546e+00, 2.43768063e+01, -3.80007362e+00,
       5.84662390e+00, 2.39113541e+01, -3.88692617e+00, 6.12696075e+00,
       2.36638660e+01, -4.68895578e+00, 6.28760386e+00, 2.34373474e+01,
       -3.48818874e+00, 6.57773829e+00, 2.28640575e+01, -5.43041849e+00,
       6.78827238e+00, 2.34504414e+01, -2.54546881e+00, 6.59861803e+00,
       2.27448463e+01, -2.93627214e+00, 6.64375782e+00, 2.26885738e+01,
       -5.48417616e+00, 6.86570740e+00, 2.33247948e+01, -2.95592475e+00,
       7.11609364e+00, 2.18080826e+01, -3.26916957e+00, 7.27189302e+00,
       2.19890938e+01, -2.39351654e+00, 7.29494905e+00, 2.19947739e+01,
       -2.41293478e+00, 7.38574553e+00, 2.16412125e+01, -2.41293478e+00,
       7.38574553e+00, 2.16412125e+01, -2.02947831e+00, 7.46762800e+00,
       2.14647923e+01, -4.54254770e+00, 7.76440382e+00, 2.19520607e+01,
       -2.01656508e+00, 7.63895655e+00, 2.15573978e+01, -1.22137713e+00,
       7.68340206e+00, 2.16255360e+01, -3.09404516e+00, 8.98012733e+00,
       2.12008953e+01, -1.35731435e+00, 9.90466881e+00, 2.32842369e+01,
       -1.87628579e+00, 1.00137892e+01, 2.29487171e+01, -1.70258343e+00,
       1.01566381e+01, 2.31443062e+01, -2.03127027e+00, 1.00356131e+01,
       2.27943115e+01, -2.06561518e+00, 1.02890902e+01, 2.30162792e+01,
       -2.61915612e+00, 1.02746267e+01, 2.26307430e+01, -2.75662518e+00,
       1.03578281e+01, 2.26805058e+01, -2.94714379e+00, 1.04914198e+01,
       2.27639999e+01, -4.46339607e+00, 1.09738216e+01, 2.28236465e+01,
       -5.40055990e-01, -1.35695820e+01, 3.36489601e+01, -8.68333161e-01,
       -1.65139122e+01, 4.10004272e+01, -8.68333161e-01, -1.65139122e+01,
       4.10004272e+01, -2.18044496e+00, -1.36514654e+01, 3.40944405e+01,
       -1.28046072e+00, -8.01493549e+00, 2.00226822e+01, -2.95986342e+00,
       -1.39407578e+01, 3.48774261e+01, -1.99816895e+00, -1.23665438e+01,
       3.24603462e+01, -1.11389387e+00, -1.23909645e+01, 3.34090576e+01,
       -9.67894650e+00, -1.25431986e+01, 3.49583549e+01, -1.06342812e+01,
       -1.31278725e+01, 3.69563370e+01, -1.06342812e+01, -1.31278725e+01,
       3.69563370e+01, -9.02274704e+00, -1.25870352e+01, 3.53855400e+01,
       -1.98669827e+00, -1.17260971e+01, 3.36183434e+01, -1.98669827e+00,
       -1.17260971e+01, 3.36183434e+01, -1.11034799e+00, -1.15489092e+01,
       3.33908501e+01, -2.83964634e+00, -1.16755848e+01, 3.40371704e+01,
       -2.83964634e+00, -1.16755848e+01, 3.40371704e+01, -2.83964634e+00,
       -1.16755848e+01, 3.40371704e+01, -1.58507764e+00, -1.13852377e+01,
       3.37984276e+01, 2.03856516e+00, -1.10155334e+01, 3.35807724e+01,
       2.03856516e+00, -1.10155334e+01, 3.35807724e+01, -3.09211087e+00,
       -1.12157907e+01, 3.44676743e+01, 3.80686641e-01, -1.10220175e+01,
       3.44953117e+01, -1.97502983e+00, -1.09731255e+01, 3.45794220e+01,
       -1.97502983e+00, -1.09731255e+01, 3.45794220e+01, -5.43327999e+00,
       -1.10212612e+01, 3.48527718e+01, -4.01448393e+00, -1.08629808e+01,
       3.47133369e+01, -1.34682674e-02, -1.06916771e+01, 3.41102753e+01,
       -4.77641678e+00, -1.09027576e+01, 3.49819260e+01, 2.04815888e+00,
       -1.01865311e+01, 3.34798393e+01, 1.79098576e-01, -1.04501419e+01,
       3.46662064e+01, -1.30661213e+00, -1.04136953e+01, 3.48535271e+01,
       -1.73417211e-01, -1.03638163e+01, 3.47259026e+01, -5.47516870e+00,
       -1.05619164e+01, 3.62437210e+01, 4.00168359e-01, -1.03357248e+01,
       3.50522957e+01, -8.93686295e+00, -1.07004004e+01, 3.70963287e+01,
       9.62423515e+00, -9.51428509e+00, 3.40088272e+01, -3.69262266e+00,
       -1.04785614e+01, 3.79163246e+01, 9.90590096e+00, -9.40645123e+00,
       3.40883255e+01, 9.90590096e+00, -9.40645123e+00, 3.40883255e+01,
       -9.57062435e+00, -9.89219952e+00, 3.67392998e+01, 1.00653191e+01,
       -8.90871906e+00, 3.39510193e+01, 7.74072409e-01, -9.24469280e+00,
       3.55345650e+01, -2.05352879e+00, -7.09094620e+00, 2.76914024e+01,
       2.37392259e+00, -9.02807999e+00, 3.60340157e+01, -7.33599901e+00,
       -9.67299843e+00, 3.90832596e+01, 4.40408707e+00, -9.09757042e+00,
       3.72800522e+01, 1.62721694e+00, -8.61371899e+00, 3.60505867e+01,
       -3.97866297e+00, -8.76173973e+00, 3.69689178e+01, 5.45831680e+00,
       -8.81144714e+00, 3.72972145e+01, 5.45831680e+00, -8.81144714e+00,
       3.72972145e+01, -8.77110767e+00, -8.94633579e+00, 3.81430244e+01,
       2.20753360e+00, -2.93192077e+00, 1.26325245e+01, 7.02981663e+00,
       -8.35622025e+00, 3.61003799e+01, -7.58590460e+00, -8.96709728e+00,
       3.93132744e+01, 6.61226416e+00, -8.21537876e+00, 3.66836319e+01,
       -8.67284834e-01, -8.20926571e+00, 3.67540665e+01, -7.29567432e+00,
       -8.78250599e+00, 3.95308151e+01, -4.53930497e-01, -8.26461506e+00,
       3.74985313e+01, -8.35133457e+00, -8.48435307e+00, 3.95428200e+01,
       -7.59783888e+00, -8.51345921e+00, 3.96206551e+01, -7.24619579e+00,
       -8.38128281e+00, 3.98980942e+01, -5.05050898e-01, -7.85464001e+00,
       3.72321053e+01, -4.63351536e+00, -7.88822603e+00, 3.81657715e+01,
       -7.06196356e+00, -8.34634018e+00, 4.04855080e+01, 5.29008925e-01,
       -7.63235569e+00, 3.73720703e+01, -7.50539970e+00, -8.05634689e+00,
       3.98965797e+01, -1.63246763e+00, -7.56950521e+00, 3.81438103e+01,
       -1.01261244e+01, -7.30909538e+00, 3.82162933e+01, -9.79002666e+00,
       -7.35479355e+00, 3.90613365e+01, -9.79002666e+00, -7.35479355e+00,
       3.90613365e+01, 6.08260334e-01, -7.02161694e+00, 3.78619156e+01,
       -7.00249958e+00, -7.43223667e+00, 4.08765297e+01, 1.24779158e+01,
       -6.31135654e+00, 3.50689392e+01, -9.61324596e+00, -6.93270874e+00,
       3.92585487e+01, -9.37737942e+00, -6.97117615e+00, 3.94923096e+01,
       -1.29599285e+00, -6.77223206e+00, 3.86725883e+01, 1.00345526e+01,
       -6.39646769e+00, 3.64644814e+01, -1.70393562e+00, -6.70483780e+00,
       3.85473480e+01, -2.32773244e-01, -6.45398140e+00, 3.87093887e+01,
       1.16745014e+01, -5.92914009e+00, 3.59231491e+01, 1.16745014e+01,
       -5.92914009e+00, 3.59231491e+01, 6.44112110e+00, -6.46822786e+00,
       3.95968399e+01, -5.00415993e+00, -6.29791975e+00, 3.90536118e+01,
       -1.91216874e+00, -6.35425758e+00, 3.94559288e+01, -2.63906837e+00,
       -6.08095121e+00, 3.91742172e+01, 1.02092228e+01, -5.69431448e+00,
       3.71924515e+01, -4.02494574e+00, -5.34661627e+00, 3.99973450e+01,
       -1.20348063e+01, -6.00091696e+00, 4.60654106e+01, 8.89802456e+00,
       -4.89165974e+00, 3.89641380e+01, 7.62960148e+00, -4.59487867e+00,
       4.00310478e+01, 4.71667957e+00, -4.07255411e+00, 3.70317688e+01,
       6.26255035e+00, -4.19766426e+00, 3.96327553e+01, 4.40245771e+00,
       -4.32720518e+00, 4.16936798e+01, 7.94262409e+00, -4.14458561e+00,
       4.02426186e+01, 5.03438997e+00, -4.29579449e+00, 4.19903831e+01,
       5.85384035e+00, -4.01224995e+00, 4.03055344e+01, 3.61814761e+00,
       -3.80913591e+00, 3.89360962e+01, 7.51184130e+00, -3.87039542e+00,
       4.07803879e+01, 9.35221240e-02, -3.48509908e+00, 3.79105072e+01,
       -2.99963355e+00, -3.42025709e+00, 3.78588562e+01, 9.84429455e+00,
       -3.40040398e+00, 3.94027672e+01, 1.21015060e+00, -2.23534226e+00,
       3.87446442e+01, 1.21015060e+00, -2.23534226e+00, 3.87446442e+01,
       -8.88493156e+00, -1.68151891e+00, 3.60748520e+01, -6.97988319e+00,
       -1.70064187e+00, 3.67639503e+01, -1.07170134e+01, -1.56587040e+00,
       3.53279343e+01, -1.15285082e+01, -1.22994769e+00, 3.53464851e+01,
       -8.32492352e+00, -4.64467466e-01, 3.77235489e+01, -6.48713636e+00,
       -4.36090499e-01, 3.74327888e+01, -7.23402643e+00, -3.57487828e-01,
       3.83252907e+01, -1.05431461e+01, 6.36552989e-01, 3.25062752e+01,
       -7.32491636e+00, 1.68605804e+00, 2.98854847e+01, -4.18983936e+00,
       4.29704094e+00, 2.64320412e+01, -5.62928343e+00, 4.56101894e+00,
       2.58914852e+01, -6.43659592e+00, 5.43005323e+00, 2.48281231e+01,
       -5.26626968e+00, 5.43353510e+00, 2.50446606e+01, -3.60886860e+00,
       5.71580935e+00, 2.41715298e+01, -6.39763737e+00, 6.00273418e+00,
       2.48890362e+01, -6.11628628e+00, 5.95176697e+00, 2.45423737e+01,
       -3.80164194e+00, 5.85781097e+00, 2.39263210e+01, -2.49737597e+00,
       6.21557331e+00, 2.31698589e+01, -5.21761417e+00, 6.57903957e+00,
       2.34866943e+01, -2.11794376e+00, 6.77467346e+00, 2.24986458e+01,
       -4.53715372e+00, 7.14908409e+00, 2.25369930e+01, -2.67660999e+00,
       7.11867094e+00, 2.21586018e+01, -3.07258320e+00, 7.29075384e+00,
       2.19204140e+01, -2.17476821e+00, 7.33613729e+00, 2.17417545e+01,
       -1.45095348e+00, 7.31295729e+00, 2.16315498e+01, -1.45095348e+00,
       7.31295729e+00, 2.16315498e+01, -1.38258994e+00, 7.46706057e+00,
       2.14395866e+01, -4.33546495e+00, 8.00072670e+00, 2.15810299e+01,
       -3.25180960e+00, 8.07925320e+00, 2.10453472e+01, -1.18712020e+00,
       8.60331631e+00, 2.21243935e+01, -4.12466574e+00, 8.33636475e+00,
       2.13433571e+01, -3.92501736e+00, 8.29737377e+00, 2.07983284e+01,
       -2.73837686e+00, 8.52458477e+00, 2.10679283e+01, -2.30229187e+00,
       8.77812099e+00, 2.15090370e+01, -3.95079446e+00, 8.84015942e+00,
       2.10129166e+01, -3.56673455e+00, 1.04697361e+01, 2.17609272e+01,
       2.98807442e-01, -1.28749857e+01, 3.28142357e+01, -5.14981127e+00,
       -1.28928747e+01, 3.32395058e+01, -3.72530270e+00, -1.29242821e+01,
       3.34273415e+01, -1.35749495e+00, -1.27895403e+01, 3.34620323e+01,
       -2.06751800e+00, -1.21362152e+01, 3.27294960e+01, -9.42551327e+00,
       -1.26423464e+01, 3.59819908e+01, -2.12605819e-01, -1.17599068e+01,
       3.34818726e+01, -1.46983707e+00, -1.17354107e+01, 3.35820198e+01,
       -1.46983707e+00, -1.17354107e+01, 3.35820198e+01, -7.99144566e-01,
       -1.17743340e+01, 3.36595192e+01, -7.99144566e-01, -1.17743340e+01,
       3.36595192e+01, -3.12884068e+00, -1.17576694e+01, 3.37408638e+01,
       -3.12884068e+00, -1.17576694e+01, 3.37408638e+01, -4.95189428e-01,
       -1.15764294e+01, 3.36140900e+01, -8.93654442e+00, -1.23621626e+01,
       3.63872948e+01, -2.28902769e+00, -1.12282639e+01, 3.43130608e+01,
       -2.28902769e+00, -1.12282639e+01, 3.43130608e+01, -4.67283201e+00,
       -1.11425457e+01, 3.47107430e+01, -4.67283201e+00, -1.11425457e+01,
       3.47107430e+01, -4.67283201e+00, -1.11425457e+01, 3.47107430e+01,
       1.55042124e+00, -1.07948561e+01, 3.36610870e+01, -2.21459603e+00,
       -1.08166275e+01, 3.46952972e+01, -2.21459603e+00, -1.08166275e+01,
       3.46952972e+01, 9.60592404e-02, -1.08358498e+01, 3.48237190e+01,
       -3.36861110e+00, -1.07404547e+01, 3.49314804e+01, 1.01298122e+01,
       -1.00551243e+01, 3.34615746e+01, -2.90627742e+00, -1.03803654e+01,
       3.52008362e+01, -8.48480320e+00, -1.07141771e+01, 3.68990402e+01,
       -7.32471752e+00, -1.06692543e+01, 3.65080147e+01, -1.22522430e+01,
       -1.08623123e+01, 3.91178474e+01, -1.24127989e+01, -1.02213745e+01,
       3.87378159e+01, -9.17479420e+00, -9.71501446e+00, 3.72702599e+01,
       -5.83456850e+00, -9.60754299e+00, 3.73260078e+01, -7.71712828e+00,
       -9.59333038e+00, 3.84153976e+01, 3.76315904e+00, -9.25004578e+00,
       3.78491631e+01, 3.76315904e+00, -9.25004578e+00, 3.78491631e+01,
       2.08015871e+00, -8.16296768e+00, 3.55842896e+01, -7.90363455e+00,
       -8.97163677e+00, 3.89885635e+01, -8.82462788e+00, -8.71549320e+00,
       3.85519028e+01, -9.74697685e+00, -8.51986217e+00, 3.83083458e+01,
       9.35071278e+00, -7.84617567e+00, 3.53937569e+01, 2.20189705e-01,
       -8.09379196e+00, 3.68142471e+01, -4.50007439e+00, -8.12378502e+00,
       3.73818474e+01, -2.63083720e+00, -8.10901737e+00, 3.72835464e+01,
       8.80416107e+00, -7.67525816e+00, 3.58479919e+01, 9.93383050e-01,
       -7.89974165e+00, 3.72867165e+01, 9.93383050e-01, -7.89974165e+00,
       3.72867165e+01, -1.02720594e+01, -7.92257309e+00, 3.83666687e+01,
       -4.56605911e+00, -7.79155445e+00, 3.77099571e+01, -7.56615937e-01,
       -7.39618397e+00, 3.76513557e+01, -7.56615937e-01, -7.39618397e+00,
       3.76513557e+01, -6.74033403e+00, -7.72489691e+00, 4.14866829e+01,
       -6.74033403e+00, -7.72489691e+00, 4.14866829e+01, -2.18164539e+00,
       -7.14779425e+00, 3.81859512e+01, -3.23503911e-02, -6.84251165e+00,
       3.80407753e+01, 1.09347429e+01, -5.95743656e+00, 3.63565140e+01,
       -5.71746826e+00, -6.42129707e+00, 3.94449615e+01, 9.06984520e+00,
       -5.98185015e+00, 3.78168335e+01, -4.11181688e+00, -6.12265730e+00,
       3.93654175e+01, -4.11181688e+00, -6.12265730e+00, 3.93654175e+01,
       -8.15365696e+00, -6.35016680e+00, 4.16442108e+01, -2.05567360e+00,
       -5.87754011e+00, 3.91017723e+01, -2.76180863e-01, -5.82119417e+00,
       3.89776077e+01, -9.96277046e+00, -5.84380579e+00, 4.00400276e+01,
       -9.96277046e+00, -5.84380579e+00, 4.00400276e+01, -9.60181808e+00,
       -5.71108055e+00, 4.06078720e+01, -7.24307680e+00, -5.72428370e+00,
       4.16712914e+01, 8.13324833e+00, -4.61311197e+00, 3.95472488e+01,
       8.13324833e+00, -4.61311197e+00, 3.95472488e+01, 8.63645935e+00,
       -4.08006477e+00, 4.00301018e+01, -9.43140793e+00, -3.47320724e+00,
       3.78366165e+01, 1.19055471e+01, -3.40762281e+00, 3.90692291e+01,
       1.19055471e+01, -3.40762281e+00, 3.90692291e+01, -5.61551476e+00,
       -2.22033000e+00, 3.72765198e+01, -2.26579285e+00, -2.03427505e+00,
       3.79042168e+01, -1.17003117e+01, -1.62254477e+00, 3.50013428e+01,
       -1.02968054e+01, -1.47178531e+00, 3.50828362e+01, -9.82077503e+00,
       -1.39534664e+00, 3.48972740e+01, -8.13105869e+00, -1.23860526e+00,
       3.70387421e+01, -8.72507000e+00, -8.06874871e-01, 3.74228058e+01,
       -5.17291594e+00, 4.73920012e+00, 2.55977955e+01, -4.19459581e+00,
       5.30131292e+00, 2.44527912e+01, -3.51868916e+00, 5.47717571e+00,
       2.42831841e+01, -2.80287409e+00, 5.87907600e+00, 2.37585411e+01,
       -3.11112309e+00, 6.54301405e+00, 2.28848495e+01, -2.85977292e+00,
       7.04031372e+00, 2.22620239e+01, -1.68018973e+00, 7.13885498e+00,
       2.22203636e+01, -3.15824223e+00, 1.05009918e+01, 2.53069077e+01,
       -3.86790037e+00, 9.68070602e+00, 2.16850128e+01, 1.82250321e-01,
       -1.38224382e+01, 3.38991356e+01, 1.49770093e+00, -1.28871155e+01,
       3.25763702e+01, -5.34814167e+00, -1.25453262e+01, 3.33869095e+01,
       -1.03814783e+01, -1.22221165e+01, 3.61263885e+01, -8.86646569e-01,
       -1.14239244e+01, 3.38897400e+01, 1.13783550e+00, -1.11753626e+01,
       3.37677536e+01, -2.70244765e+00, -1.11897707e+01, 3.43560867e+01,
       -3.44198680e+00, -1.12251711e+01, 3.45138435e+01, -1.61416066e+00,
       -1.08840513e+01, 3.44971466e+01, 1.92471087e+00, -1.06476383e+01,
       3.37648544e+01, -7.44970369e+00, -1.16160460e+01, 3.72512321e+01,
       2.05860519e+00, -1.05377483e+01, 3.50240822e+01, 1.23640909e+01,
       -1.02120476e+01, 3.42586784e+01, 6.04878950e+00, -1.03015518e+01,
       3.57456360e+01, 6.04878950e+00, -1.03015518e+01, 3.57456360e+01,
       1.36481619e+00, -1.03596058e+01, 3.60409508e+01, 1.12227011e+01,
       -8.76995468e+00, 3.10847530e+01, 7.14211845e+00, -9.94900322e+00,
       3.55552368e+01, -2.81386673e-01, -9.75539494e+00, 3.51186752e+01,
       -1.08568466e+00, -9.68636894e+00, 3.49461975e+01, -2.83128810e+00,
       -9.54613495e+00, 3.52769241e+01, -1.11296177e+00, -8.76683331e+00,
       3.62885437e+01, -4.46743298e+00, -8.87860203e+00, 3.69595909e+01,
       -1.87780726e+00, -8.76626873e+00, 3.67426949e+01, 2.09871888e+00,
       -8.27858448e+00, 3.63259354e+01, 1.07720125e+00, -8.25373936e+00,
       3.66328888e+01, 1.04558945e+01, -7.84995317e+00, 3.50302467e+01,
       -7.90098286e+00, -8.64533901e+00, 3.93028870e+01, -7.91809320e+00,
       -7.83585119e+00, 4.01145630e+01, -2.60219908e+00, -7.30144596e+00,
       3.78281670e+01, 1.20501022e+01, -6.66648817e+00, 3.48113174e+01,
       -2.87180638e+00, -6.70944452e+00, 3.83578224e+01, -3.62416053e+00,
       -6.59284067e+00, 3.87646294e+01, -6.31390154e-01, -6.16089344e+00,
       3.87068558e+01, 2.17759752e+00, -5.60911179e+00, 3.88700027e+01,
       -3.36326313e+00, -5.56990147e+00, 3.90079498e+01, -5.75759172e+00,
       -5.46869612e+00, 4.02940521e+01, 2.18672439e-01, -5.13679361e+00,
       3.94479027e+01, 5.41570044e+00, -5.34182405e+00, 4.08597260e+01,
       7.67569256e+00, -4.89476490e+00, 3.95249825e+01, 4.44741535e+00,
       -5.06472588e+00, 4.11694450e+01, 4.44741535e+00, -5.06472588e+00,
       4.11694450e+01, -9.54469681e+00, -4.84070683e+00, 4.01882515e+01,
       6.45133591e+00, -4.71154690e+00, 4.05570717e+01, 6.45133591e+00,
       -4.71154690e+00, 4.05570717e+01, -8.15400791e+00, -3.73994827e+00,
       3.84500351e+01, 1.28224993e+01, -3.56354737e+00, 3.88549805e+01,
       1.28224993e+01, -3.56354737e+00, 3.88549805e+01, -1.27030835e-01,
       -2.40547323e+00, 3.79582863e+01, -3.06525135e+00, -1.81589758e+00,
       3.77751770e+01, -1.26818991e+01, -1.34050882e+00, 3.54784470e+01,
       -1.26818991e+01, -1.34050882e+00, 3.54784470e+01, -9.14209175e+00,
       2.45851326e+00, 2.95551300e+01, -4.95022774e+00, 4.36381865e+00,
       2.62102489e+01, -3.56821251e+00, 5.03835154e+00, 2.49730816e+01,
       -4.84803438e+00, 6.05265665e+00, 2.39260960e+01, -3.25317097e+00,
       6.05349064e+00, 2.37126312e+01, -2.12377810e+00, 6.67446423e+00,
       2.27784309e+01, -3.05002666e+00, 7.13241816e+00, 2.21247826e+01,
       -3.90361047e+00, 7.23940849e+00, 2.20509109e+01, -2.80162358e+00,
       7.52221346e+00, 2.19425659e+01, -3.31424999e+00, 7.56203365e+00,
       2.17758827e+01, -2.27910781e+00, 7.83380222e+00, 2.11624794e+01,
       -2.71840405e+00, 7.99115038e+00, 2.10172653e+01, -1.23148835e+00,
       8.77663231e+00, 2.25678730e+01, -3.55240250e+00, 8.21430111e+00,
       2.06821690e+01, -9.34686303e-01, 9.43513107e+00, 2.33756847e+01,
       -3.59879422e+00, 1.05890436e+01, 2.24684010e+01, 6.97439551e-01,
       -1.23654680e+01, 3.22423363e+01, -4.01191378e+00, -1.25469055e+01,
       3.32750969e+01, -4.94500607e-01, -1.12247133e+01, 3.44513702e+01,
       -7.44728518e+00, -1.16064367e+01, 3.72420540e+01, 1.44574308e+00,
       -1.04965630e+01, 3.42049332e+01, -1.51434803e+00, -1.01071167e+01,
       3.51859207e+01, -1.51434803e+00, -1.01071167e+01, 3.51859207e+01,
       1.22736406e+01, -8.59929657e+00, 3.26367531e+01, -3.32079411e+00,
       -8.35710621e+00, 3.73733253e+01, -5.25701714e+00, -8.27250862e+00,
       3.73968506e+01, -4.11408710e+00, -7.72971630e+00, 3.75735970e+01,
       -4.11408710e+00, -7.72971630e+00, 3.75735970e+01, -8.75516033e+00,
       -7.85125875e+00, 3.94237633e+01, -1.59979379e+00, -7.09998274e+00,
       3.80060158e+01, 5.43500805e+00, -7.07178593e+00, 3.96808968e+01,
       -4.75120878e+00, -6.83555126e+00, 3.86045723e+01, -2.37127447e+00,
       -6.57440042e+00, 3.85725212e+01, 8.10412979e+00, -6.38309193e+00,
       3.75771523e+01, 8.33541775e+00, -5.47833824e+00, 3.86899109e+01,
       -1.50042069e+00, -4.69152308e+00, 3.86639938e+01, -1.50042069e+00,
       -4.69152308e+00, 3.86639938e+01, 5.63809729e+00, -4.74631214e+00,
       4.08365784e+01, 3.21032596e+00, -2.74472070e+00, 4.00574379e+01,
       -1.08652544e+01, -1.79759288e+00, 3.47880821e+01, -5.60016155e+00,
       -2.00244379e+00, 3.70238953e+01, -5.60016155e+00, -2.00244379e+00,
       3.70238953e+01, -8.61462212e+00, -1.81476176e+00, 3.65669403e+01,
       -1.90942717e+00, 6.97586060e+00, 2.21982288e+01, -1.15129840e+00,
       9.62055302e+00, 2.31949577e+01, -1.15129840e+00, 9.62055302e+00,
       2.31949577e+01, 1.28931265e+01, -1.01690245e+01, 3.39968529e+01,
       -1.17280416e+01, -1.08342638e+01, 3.95317497e+01, 1.23032188e+00,
       -9.61880398e+00, 3.55505104e+01, 1.23032188e+00, -9.61880398e+00,
       3.55505104e+01, 9.83013153e+00, -9.19047546e+00, 3.41739998e+01,
       -4.53865814e+00, -9.50530148e+00, 3.63801346e+01, -4.53865814e+00,
       -9.50530148e+00, 3.63801346e+01, 1.94961727e+00, -9.29926491e+00,
       3.54111862e+01, 1.18406515e+01, -7.39101505e+00, 3.42749329e+01,
       1.23249793e+00, -6.53014565e+00, 3.80036316e+01, -1.60853004e+00,
       -6.38887453e+00, 3.81326103e+01, -1.60853004e+00, -6.38887453e+00,
       3.81326103e+01, 3.81751561e+00, -6.70350266e+00, 3.99478569e+01,
       2.64808774e+00, -5.06461763e+00, 3.88989716e+01, -1.03326378e+01,
       -4.70836020e+00, 4.07899780e+01, 8.08976936e+00, -4.40262747e+00,
       4.00027008e+01, 8.08976936e+00, -4.40262747e+00, 4.00027008e+01,
       8.08976936e+00, -4.40262747e+00, 4.00027008e+01, -8.74609470e+00,
       -3.60790920e+00, 3.75522308e+01, 1.32304220e+01, -3.19142747e+00,
       3.83141060e+01, -1.01634893e+01, -2.12077856e+00, 3.60134926e+01,
       -8.53165150e+00, -2.13991761e-01, 3.78160324e+01, -1.11293821e+01,
       3.99260849e-01, 3.30967903e+01, -7.12620401e+00, 2.05407166e+00,
       2.95788879e+01, -6.50608540e+00, 2.92633843e+00, 2.84228153e+01,
       -3.17477250e+00, 5.75174952e+00, 2.39980602e+01, -3.60237694e+00,
       5.86231661e+00, 2.34656200e+01, -4.33037519e+00, 8.91650772e+00,
       2.18744774e+01, -2.73051405e+00, 8.73534584e+00, 2.11613636e+01,
       -3.53195786e+00, -1.33885927e+01, 3.38655205e+01, -4.77086365e-01,
       -1.23731050e+01, 3.29508972e+01, -4.84332830e-01, -1.02719145e+01,
       3.37383041e+01, -9.36166668e+00, -1.14976349e+01, 3.80728798e+01,
       -4.27845049e+00, -1.04595480e+01, 3.52786522e+01, -4.27845049e+00,
       -1.04595480e+01, 3.52786522e+01, 1.82818151e+00, -1.00427408e+01,
       3.47272606e+01, -5.11840916e+00, -1.00428276e+01, 3.58143539e+01,
       1.26958780e+01, -8.94324875e+00, 3.23484344e+01, 1.30077648e+01,
       -7.90671444e+00, 3.14578629e+01, 1.29224167e+01, -6.39706039e+00,
       3.47239761e+01, -7.88087559e+00, -6.93295383e+00, 4.03985481e+01,
       -7.88087559e+00, -6.93295383e+00, 4.03985481e+01, 2.86152482e+00,
       -6.49433613e+00, 3.94731483e+01, 1.62442997e-02, -1.68561804e+00,
       3.89079132e+01, -6.97730970e+00, 1.48348582e+00, 3.02996407e+01,
       -4.71908140e+00, 3.96959448e+00, 2.67176056e+01, -5.28041029e+00,
       5.73118019e+00, 2.46632290e+01, -2.71725392e+00, 6.51314592e+00,
       2.31333885e+01, -4.55572367e+00, 6.65264606e+00, 2.31531677e+01,
       -4.98282337e+00, 8.24862480e+00, 2.28887215e+01, -3.16629672e+00,
       7.97711802e+00, 2.10717831e+01, 6.40266562e+00, -1.10334311e+01,
       3.51245041e+01, 8.94815087e-01, -1.05602264e+01, 3.47620773e+01,
       7.97687149e+00, -8.45205784e+00, 3.44580116e+01, -5.07047033e+00,
       -8.82169628e+00, 3.69079285e+01, -2.30263680e-01, -8.73396778e+00,
       3.64370384e+01, 7.24637794e+00, -8.05709839e+00, 3.62265778e+01,
       7.24637794e+00, -8.05709839e+00, 3.62265778e+01, 1.77458990e+00,
       -7.41148186e+00, 3.73615799e+01, -9.25862598e+00, -6.33506632e+00,
       3.96204948e+01, -1.42254162e+00, -4.52482271e+00, 3.90015831e+01,
       -4.65219688e+00, -2.48213267e+00, 3.72939186e+01, -4.51771450e+00,
       6.68476677e+00, 2.31292667e+01, -4.14320755e+00, 7.83424664e+00,
       2.17077522e+01, -3.73748469e+00, 9.10969448e+00, 2.18327675e+01,
       -1.72198915e+00, -1.32071409e+01, 3.31536407e+01, -8.86862469e+00,
       -1.26859941e+01, 3.56724968e+01, -8.86862469e+00, -1.26859941e+01,
       3.56724968e+01, -2.82563734e+00, -8.57747173e+00, 3.65599174e+01,
       -1.10475969e+01, -8.49935150e+00, 3.91439323e+01, 3.07446694e+00,
       -7.81832218e+00, 3.73091431e+01, 2.65132046e+00, -4.07892036e+00,
       3.95541039e+01, -3.03311658e+00, 6.83146620e+00, 2.21767578e+01,
       -4.26235819e+00, 9.85752964e+00, 2.19441223e+01, -6.35866737e+00,
       -1.09363747e+01, 3.63004608e+01, -6.35866737e+00, -1.09363747e+01,
       3.63004608e+01, 1.51051152e+00, -8.35783100e+00, 3.64909172e+01,
       -1.03448257e+01, 5.70164561e-01, 3.28817711e+01, 1.18337202e+00,
       -1.21981096e+01, 3.34818382e+01, -4.61320782e+00, -1.23443184e+01,
       3.46418991e+01, 1.05795660e+01, -5.64102840e+00, 3.64669800e+01,
       -6.23032284e+00, 4.82051849e+00, 2.55639954e+01, -4.82493687e+00,
       5.65397120e+00, 2.52544479e+01, -6.24035072e+00, -4.90797424e+00,
       3.91211205e+01, -1.18958893e+01, 3.13747811e+00, 3.39827003e+01,
       -3.39190102e+00, -8.49743176e+00, 3.77060471e+01, -3.39190102e+00,
       -8.49743176e+00, 3.77060471e+01, -3.39190102e+00, -8.49743176e+00,
       3.77060471e+01, -1.12251291e+01, -4.19136238e+00, 4.02769775e+01,
       -1.12251291e+01, -4.19136238e+00, 4.02769775e+01 ]
